world: a94391b7-0beb-4828-abb1-930a2bf4ac31
world-name: Spawn
x: 0.5015429103030052
y: 100.0
z: 15.442396989028348
yaw: 0.08989211916923523
pitch: 0.7499823570251465
name: crates
lastowner: 634634bb-a5d6-4c0d-9968-c34ba2eb3fcb
