world: a2e37337-c2e9-46f3-bfc2-b08010949708
world-name: world_the_end
x: 107.04768485291193
y: 53.0
z: 71.3505071899543
yaw: 129.45005798339844
pitch: -0.15006263554096222
name: end
lastowner: 634634bb-a5d6-4c0d-9968-c34ba2eb3fcb
