world: 1b6924b0-c774-436e-ae9a-e5d7b961257c
world-name: world_nether
x: 44.0064054395371
y: 57.0
z: -24.686821184443843
yaw: 4.207139015197754
pitch: -2.770310878753662
name: nether
lastowner: 634634bb-a5d6-4c0d-9968-c34ba2eb3fcb
