world: a94391b7-0beb-4828-abb1-930a2bf4ac31
world-name: Spawn
x: 5.462941388586048
y: 100.0
z: 10.001417977826398
yaw: -0.1921250969171524
pitch: -4.199892044067383
name: shop
lastowner: 634634bb-a5d6-4c0d-9968-c34ba2eb3fcb
